5000
143 253
14 118
61 318
360 378
343 439
268 330
160 390
69 225
223 440
106 368
102 277
92 125
424 498
14 364
331 432
185 340
266 339
197 410
434 448
196 338
269 508
81 378
127 421
224 321
127 246
284 309
31 219
232 332
158 265
54 210
327 400
10 370
183 204
237 339
99 491
343 469
246 321
32 468
21 331
290 374
269 426
160 460
89 439
412 498
179 232
284 497
293 334
387 487
112 187
1 81
5 398
255 430
128 447
148 358
33 411
204 235
80 391
164 174
422 462
205 400
218 405
198 254
231 447
120 325
183 332
374 450
162 173
215 400
71 80
193 407
301 454
213 503
334 494
256 466
229 303
352 378
32 110
199 471
323 426
98 360
271 454
361 456
278 356
136 265
117 167
345 437
121 319
41 265
151 205
395 449
286 293
266 393
19 288
255 479
224 366
68 483
95 374
149 506
147 288
87 196
76 342
302 363
154 481
335 378
171 350
284 337
216 339
211 274
168 282
240 458
277 409
123 251
77 450
277 430
99 366
311 446
237 392
8 291
29 113
0 162
342 437
240 423
184 200
185 506
315 498
169 279
160 316
233 434
424 510
217 222
49 279
325 390
316 494
207 509
209 461
129 158
272 276
66 230
17 333
13 29
153 271
68 160
233 451
25 140
174 495
62 66
287 391
373 434
313 338
221 303
239 278
311 469
34 118
100 278
123 192
281 334
16 507
207 368
0 113
256 482
58 110
232 428
193 385
36 275
349 384
167 278
65 411
196 454
304 430
252 278
35 392
52 433
155 390
350 505
15 482
256 450
141 508
26 426
214 422
45 194
180 238
211 493
37 341
61 423
228 347
45 182
150 487
354 427
152 231
121 127
284 316
125 252
117 222
164 167
348 478
334 431
41 233
139 327
244 383
19 27
217 442
18 273
245 259
175 218
83 103
8 161
38 88
191 486
227 371
49 160
425 499
94 184
337 478
67 301
185 485
143 276
396 448
25 302
50 77
102 263
53 175
45 310
255 390
302 347
428 491
188 486
11 428
5 476
293 379
293 404
298 460
341 504
440 465
208 218
227 354
184 401
25 118
4 120
93 454
66 495
191 378
203 452
144 257
373 430
156 357
43 396
210 262
316 332
54 397
201 258
261 347
246 469
105 368
173 223
156 436
257 326
387 412
72 374
29 255
84 204
308 400
223 276
61 80
190 317
84 490
130 350
95 258
161 184
254 385
203 397
19 224
40 194
15 402
160 490
234 291
53 276
63 269
105 246
158 476
366 457
448 453
330 381
136 316
91 169
23 106
64 408
117 221
289 401
44 302
173 298
292 480
20 346
211 223
206 315
154 183
181 493
406 421
465 479
14 334
241 470
175 222
302 509
321 397
187 388
205 365
171 307
111 126
188 456
239 389
1 366
280 423
398 405
473 506
427 493
433 465
174 258
81 327
200 327
375 433
290 467
131 414
134 471
120 347
12 393
176 191
345 508
367 396
174 280
164 186
79 299
203 330
116 443
118 331
352 441
440 475
18 377
228 477
29 111
280 470
480 487
62 236
191 492
10 312
296 500
34 223
88 449
155 394
260 457
97 203
363 493
184 237
54 326
313 337
178 326
165 312
474 509
33 281
46 167
48 107
158 175
324 412
71 128
58 505
235 238
108 495
196 499
130 274
182 473
36 466
115 283
182 414
191 388
99 452
247 457
57 268
64 466
238 320
273 413
24 180
23 85
111 393
59 485
138 303
13 460
145 399
262 352
292 494
14 33
32 102
1 347
153 509
196 455
42 141
88 414
120 377
136 342
363 486
53 229
135 447
43 270
381 470
421 435
87 141
128 379
269 371
205 402
428 437
141 166
18 43
58 493
251 397
176 375
148 269
174 290
256 439
117 318
169 413
117 499
174 341
348 439
424 494
10 161
349 417
14 148
373 379
27 353
410 414
325 397
6 100
112 230
355 469
353 386
311 313
197 255
147 353
230 247
289 406
171 318
268 411
291 389
239 309
23 324
54 89
163 257
196 507
297 384
112 433
214 429
266 308
31 466
310 457
307 380
298 411
434 470
387 406
195 415
36 59
157 462
318 418
59 153
34 318
256 348
44 319
324 507
9 358
126 329
205 393
92 303
27 462
286 322
243 325
2 355
67 201
298 342
144 181
180 203
201 403
145 217
336 343
76 255
225 256
48 323
43 162
154 226
3 237
28 474
298 503
134 422
243 464
285 382
364 464
160 463
52 180
50 280
10 173
176 392
37 217
278 413
344 479
414 489
18 60
424 449
162 252
182 378
11 108
63 219
79 377
57 455
56 345
214 472
317 353
160 217
100 203
80 332
144 311
30 396
211 370
82 338
240 392
371 448
252 420
199 402
19 251
304 509
37 214
18 450
363 506
31 440
324 326
67 379
180 243
248 379
332 439
344 484
119 160
100 368
266 354
23 221
200 407
145 355
8 116
287 433
127 156
277 348
161 442
456 486
0 142
70 435
253 475
284 341
98 316
114 116
305 439
144 355
70 162
29 491
155 424
268 389
107 252
190 420
20 377
438 464
355 376
21 273
136 264
86 337
71 96
142 299
176 318
2 333
190 279
145 262
150 253
207 430
150 230
304 352
40 160
150 361
35 507
213 348
133 169
15 286
112 444
144 302
40 110
193 267
424 460
146 213
11 493
269 461
178 407
0 440
110 265
129 191
126 192
236 401
333 403
65 408
419 478
125 142
255 267
454 483
279 284
235 239
239 386
94 150
253 466
191 277
167 351
120 395
168 290
65 282
245 500
112 202
129 263
86 185
209 361
175 318
237 363
112 363
131 387
189 472
74 131
343 361
7 108
59 217
79 263
258 272
135 474
116 399
20 294
73 314
29 484
39 292
171 310
241 388
213 255
88 370
298 312
12 46
425 449
16 410
87 248
57 272
86 363
128 426
84 366
47 343
392 480
115 402
63 110
268 363
141 463
279 410
274 374
78 384
190 305
297 308
394 507
187 268
118 505
200 495
274 445
284 380
85 290
400 482
75 316
55 116
159 442
253 297
402 469
275 506
164 201
231 393
109 337
35 141
195 346
116 503
35 381
264 324
202 425
11 363
156 278
138 371
53 54
326 457
241 296
380 475
219 402
337 403
32 279
103 394
144 229
44 196
17 210
100 173
93 319
67 246
312 410
31 306
14 196
247 369
117 147
60 356
91 95
75 394
61 483
160 417
331 488
259 378
348 477
60 123
194 508
144 213
64 103
383 444
96 100
416 448
17 101
99 305
413 428
67 210
193 217
134 217
58 321
229 443
346 389
66 359
421 501
20 248
80 113
164 180
143 405
6 213
142 283
60 415
223 399
231 448
40 241
177 454
37 240
226 478
76 465
201 234
55 366
207 237
240 338
180 433
187 430
98 486
67 320
208 487
143 313
86 361
279 362
386 437
123 159
109 469
247 505
99 280
100 476
35 125
264 464
295 437
82 106
339 409
59 310
7 81
308 366
104 134
285 287
199 250
177 474
102 472
148 178
39 40
146 414
303 401
319 341
68 464
474 476
61 505
64 160
54 442
51 59
226 364
339 382
345 403
14 63
215 426
236 426
52 68
69 394
47 489
69 171
122 494
105 212
407 491
296 491
24 236
10 416
456 489
217 221
79 100
2 427
82 98
263 505
195 426
193 488
70 279
264 508
1 175
35 119
203 469
78 297
10 290
16 492
180 202
8 66
241 400
190 492
77 507
384 477
114 227
442 487
256 425
434 455
266 362
72 508
275 493
3 209
52 418
61 289
147 471
159 230
85 449
102 475
98 300
133 302
159 260
199 421
415 423
21 108
162 467
229 494
252 372
18 429
112 258
34 192
202 433
156 436
69 355
168 264
34 67
259 317
3 226
244 262
102 153
166 508
183 449
134 374
383 419
69 254
21 263
204 369
119 165
86 247
334 439
134 262
97 248
159 297
228 327
16 364
175 453
224 502
68 80
84 94
406 445
125 221
210 248
59 266
195 236
100 141
33 449
117 343
64 273
32 395
24 34
92 405
149 218
184 245
56 215
8 327
66 192
19 109
229 268
338 364
243 291
48 402
380 386
82 146
183 384
124 429
185 387
369 405
55 158
24 407
39 361
9 341
338 400
71 389
382 463
28 328
294 501
37 465
21 249
424 476
93 294
113 195
166 506
149 345
189 288
251 300
56 58
145 485
19 379
112 268
383 448
145 210
38 84
51 252
205 418
134 207
34 203
418 480
63 124
190 239
63 202
131 453
363 415
58 364
15 326
269 428
34 196
339 485
141 374
340 508
30 104
32 248
37 141
36 279
182 236
47 388
333 432
81 326
230 399
132 232
64 373
171 325
214 449
78 153
217 483
388 458
298 420
231 359
140 388
251 444
263 286
29 59
184 380
375 392
283 323
398 443
99 276
13 258
91 428
21 497
5 130
5 434
14 488
440 465
76 420
301 324
58 88
30 277
243 371
158 377
303 430
81 187
14 188
377 449
139 475
71 351
255 324
157 300
43 91
103 221
447 470
243 247
278 412
409 472
259 302
208 444
138 510
22 347
68 399
220 330
73 455
220 432
145 495
71 354
47 473
236 423
21 489
103 317
14 22
78 354
140 320
329 419
139 341
205 268
161 199
46 391
24 125
240 332
143 353
146 396
43 122
94 221
455 489
95 507
225 320
267 388
149 274
237 386
96 479
151 325
374 489
10 81
317 328
242 443
139 170
23 248
196 506
293 460
128 314
337 480
187 340
65 362
37 374
74 168
280 301
85 386
3 337
207 244
311 414
98 183
85 182
434 458
191 387
500 510
5 379
194 348
252 461
149 464
232 233
130 386
64 138
353 390
52 329
41 182
293 496
216 484
223 503
87 285
60 134
200 250
202 419
40 431
146 416
107 209
307 349
389 456
257 292
157 298
104 293
60 421
456 500
61 400
216 243
6 470
25 376
172 418
327 337
445 479
60 410
154 187
117 234
106 447
244 251
54 192
72 273
242 249
85 372
150 173
172 421
275 423
454 479
261 352
431 507
251 283
70 497
419 420
267 447
227 470
52 347
35 415
151 235
7 452
249 410
200 211
127 467
42 484
86 400
164 176
79 500
457 483
37 118
346 510
261 472
123 375
302 357
135 420
214 331
193 380
110 314
104 170
36 145
35 362
130 400
14 466
250 498
304 400
9 304
458 462
267 382
6 164
86 458
416 472
88 91
204 423
80 357
279 473
240 411
48 361
20 177
416 473
317 336
316 324
56 76
80 469
151 435
313 508
56 474
69 312
194 216
88 93
81 496
100 364
225 237
135 192
304 484
81 339
5 280
201 295
332 387
109 111
222 315
3 185
42 155
8 495
306 474
156 404
0 274
23 497
152 268
69 387
4 52
202 313
374 472
197 455
443 490
94 230
333 388
19 291
118 177
95 254
413 439
138 475
157 303
203 384
87 176
173 411
313 384
131 293
68 182
101 223
478 490
79 123
289 460
5 159
215 392
120 450
54 57
229 478
90 465
71 108
183 279
134 508
409 485
76 470
184 189
31 382
380 401
201 342
168 190
255 339
77 112
288 477
348 373
47 288
305 406
13 443
44 66
158 426
116 364
160 396
163 333
317 456
71 214
239 462
73 405
311 389
40 103
185 357
409 478
24 124
283 395
34 223
9 265
307 369
303 312
108 267
182 289
154 402
291 449
156 508
119 250
27 107
361 442
316 323
0 26
100 340
55 254
273 421
447 491
111 295
33 492
309 457
53 63
33 100
71 427
222 488
112 298
199 263
305 389
182 201
35 73
145 202
249 362
33 310
99 301
23 308
119 212
95 323
313 343
64 301
5 64
9 140
119 376
362 416
239 276
39 160
77 504
154 451
193 286
108 118
121 397
0 342
259 394
299 487
174 502
469 476
213 465
125 171
298 464
187 437
76 122
196 297
59 212
227 405
320 434
133 281
229 318
15 65
54 108
97 119
13 355
8 358
205 287
158 200
44 306
292 330
44 375
194 307
231 425
63 98
307 358
37 230
117 193
39 393
79 424
381 469
286 401
25 177
311 367
133 490
8 164
114 292
113 294
404 445
14 307
149 490
88 167
196 399
195 306
45 218
93 170
195 352
247 344
91 465
454 468
264 367
365 418
192 505
279 465
73 207
9 439
221 279
311 439
262 289
239 451
105 365
24 257
31 455
267 503
65 126
198 429
157 477
423 432
39 347
122 432
101 153
95 444
168 306
211 420
15 228
334 462
302 469
149 341
303 346
183 294
6 166
158 399
28 493
481 494
134 299
127 245
343 483
191 394
162 317
176 404
78 153
310 440
114 313
328 482
168 479
328 495
212 287
11 276
76 357
341 501
88 421
218 393
331 373
235 324
81 120
72 503
76 82
68 202
113 234
11 198
305 460
369 416
114 395
249 494
269 324
337 349
204 469
402 509
27 258
84 217
68 205
61 484
51 104
286 358
74 264
128 395
354 368
190 352
258 287
19 150
240 480
147 393
146 357
96 375
211 264
22 213
307 374
36 373
339 452
130 281
240 473
103 397
286 301
212 319
202 346
30 106
326 474
307 414
143 371
188 246
401 477
112 365
3 257
54 83
177 406
398 403
188 224
6 420
274 403
134 232
97 209
194 262
28 445
179 260
59 218
179 337
203 389
319 443
111 459
34 359
312 487
274 452
88 92
234 258
390 445
89 405
97 504
260 415
14 122
44 477
327 407
156 243
272 351
218 370
264 280
270 333
211 454
230 255
83 138
170 262
235 497
142 307
194 337
199 419
361 462
191 378
118 478
8 327
15 123
443 462
143 149
410 473
31 452
128 202
186 193
34 217
74 276
169 454
77 95
298 445
191 194
274 408
346 490
423 470
363 416
261 452
251 461
182 483
216 409
244 490
274 474
158 179
20 46
312 340
162 467
17 465
74 94
43 298
311 321
167 329
180 206
302 433
178 238
70 455
287 332
87 481
242 422
227 429
0 436
201 465
346 390
9 440
200 379
142 258
209 412
391 393
145 305
90 211
187 240
140 431
136 497
66 326
463 495
122 394
197 225
450 493
404 412
284 428
86 336
44 115
191 216
264 435
108 363
419 472
173 318
14 339
199 368
53 464
97 171
404 460
266 433
243 307
138 501
107 366
175 447
198 319
188 369
38 103
195 422
333 391
28 150
40 487
453 475
58 486
208 253
123 174
266 478
90 295
190 402
167 468
30 454
133 195
293 495
94 429
118 334
24 336
182 417
225 244
11 249
45 418
80 172
222 448
377 390
30 314
193 194
101 319
0 459
53 277
251 331
268 465
150 342
233 318
262 470
13 242
235 358
196 198
369 434
392 426
162 436
83 406
356 447
75 269
66 495
171 274
75 407
227 387
243 401
149 343
397 450
102 119
200 214
464 491
179 345
21 128
347 496
97 388
231 249
192 334
231 277
137 291
9 109
220 323
146 424
180 252
383 400
220 289
244 316
32 241
16 299
314 427
110 160
54 117
125 303
149 269
34 178
458 473
446 494
248 266
171 460
103 125
184 441
106 366
11 355
353 498
15 198
121 398
31 497
125 470
240 475
354 500
316 428
422 499
301 495
41 409
238 291
95 467
111 458
134 487
82 377
96 417
250 481
50 200
75 449
345 469
181 481
261 450
448 488
148 465
27 373
193 248
218 461
358 368
57 101
267 291
72 169
255 307
100 348
308 312
46 149
74 363
347 495
162 218
148 373
17 411
8 189
36 241
272 450
321 413
185 353
156 385
132 372
8 195
172 192
366 457
81 446
82 366
310 443
148 223
246 263
284 453
262 368
421 439
41 391
124 324
79 492
302 339
54 378
90 172
169 232
56 206
107 296
307 476
157 206
168 243
8 157
29 380
98 139
46 370
44 376
142 260
69 340
173 318
20 128
105 352
153 485
55 57
239 360
126 447
317 454
170 237
16 315
10 433
68 195
432 458
189 463
155 429
146 470
42 46
54 257
75 192
126 504
152 299
20 209
8 399
13 148
20 438
27 215
426 451
459 502
41 78
15 232
243 468
11 207
177 197
92 257
256 312
58 380
145 153
82 361
196 315
93 463
39 487
52 239
33 228
78 85
16 56
216 352
28 82
138 217
202 387
301 309
126 435
453 496
22 129
43 97
170 201
209 251
124 168
229 382
99 157
69 71
194 420
126 195
8 78
255 369
233 399
231 375
181 478
47 367
114 354
29 372
105 433
373 439
23 474
461 482
161 446
26 427
97 431
226 495
112 283
81 474
75 252
291 428
196 212
186 257
79 293
278 482
90 332
246 477
45 509
76 488
194 428
11 292
20 408
10 111
217 249
143 364
30 461
103 203
59 90
142 175
115 402
327 341
318 374
24 453
303 405
164 241
219 358
306 400
39 303
40 347
296 338
91 369
44 472
80 400
43 266
148 308
140 456
77 218
24 213
42 258
402 492
224 276
45 338
4 294
32 306
58 359
320 410
352 481
134 296
144 374
213 418
103 130
12 458
208 436
284 508
117 335
443 510
253 374
92 411
390 422
342 384
47 295
229 437
28 442
420 504
195 225
129 242
384 498
111 263
144 236
266 467
47 322
189 403
408 420
222 490
7 70
60 352
471 506
266 467
393 430
62 367
47 359
219 379
296 396
114 384
306 491
282 491
210 281
289 452
36 287
5 355
351 432
53 397
45 75
16 380
224 489
5 287
310 404
11 272
12 302
454 493
176 369
215 484
126 226
146 324
129 368
18 398
99 161
97 141
114 415
15 433
87 258
317 467
190 231
159 254
167 499
43 160
334 439
24 256
151 298
382 410
454 500
56 361
185 501
334 370
138 363
404 419
190 458
112 144
211 349
49 88
81 471
11 141
206 502
250 259
121 272
83 127
45 57
138 310
176 283
179 211
166 459
419 504
213 455
153 205
40 475
309 448
25 192
214 384
193 461
54 186
172 502
270 295
308 341
208 378
149 206
301 464
301 457
178 230
77 495
131 507
247 345
169 351
108 190
368 441
142 233
359 396
165 235
264 455
166 439
173 191
205 292
285 349
51 416
41 167
85 388
40 145
157 292
288 432
282 499
2 37
353 403
463 469
121 280
287 350
120 440
270 421
186 338
217 366
129 385
144 198
270 412
29 494
60 268
350 480
41 380
279 469
272 474
238 277
64 209
263 452
65 462
368 477
104 287
2 233
294 297
111 489
198 433
313 405
35 272
51 330
115 356
416 459
188 395
20 440
123 320
174 351
378 382
415 421
19 278
51 132
287 363
478 494
60 134
188 386
77 315
115 299
76 248
167 408
100 284
175 386
81 452
200 336
278 498
97 310
427 458
311 332
181 383
83 395
267 505
318 397
135 429
18 365
159 163
36 432
399 508
52 278
398 504
153 226
347 353
202 492
145 407
59 162
224 497
192 471
157 306
354 492
274 337
284 333
15 488
384 391
279 482
69 380
341 451
53 300
23 323
32 46
281 459
67 460
476 494
176 279
130 212
16 84
65 112
95 396
33 316
269 478
199 254
5 424
98 152
209 458
217 292
148 435
45 476
81 221
237 387
219 434
254 505
125 320
382 458
123 285
226 464
131 274
79 466
144 419
48 377
242 273
221 402
292 392
167 479
250 466
280 399
134 488
127 213
140 346
396 496
261 505
235 341
272 454
63 493
94 477
36 458
134 381
209 337
335 403
46 132
222 354
150 337
47 305
331 364
396 472
204 266
378 453
317 438
264 479
179 270
6 149
164 299
366 436
279 287
71 208
181 414
386 489
1 255
116 282
284 462
173 263
111 468
43 152
53 242
310 467
37 81
186 409
350 437
228 382
287 398
173 336
375 497
402 501
313 314
237 491
235 444
25 474
153 304
165 231
279 391
26 501
223 327
220 432
119 202
106 263
287 341
183 238
161 178
305 340
320 386
410 439
131 420
54 191
174 307
130 313
308 494
197 457
143 362
211 223
238 294
52 449
145 255
110 399
421 485
235 342
257 416
120 135
115 377
230 328
141 265
193 249
228 336
279 456
264 393
120 439
69 269
300 448
337 499
97 499
270 370
34 244
60 361
34 107
74 157
411 446
112 172
295 341
18 248
40 210
483 498
71 123
302 403
396 456
246 346
11 488
321 491
156 385
393 465
375 381
207 488
58 302
282 424
380 401
181 481
98 353
147 202
120 133
50 184
232 322
77 447
346 505
309 327
121 133
33 290
292 369
21 115
21 154
172 360
69 378
124 276
142 147
314 351
240 405
47 384
78 216
177 454
18 384
92 213
443 492
198 502
284 461
412 423
276 337
41 124
81 180
36 456
329 427
178 447
11 65
37 335
143 342
104 156
132 324
135 422
148 477
342 479
22 360
352 468
85 174
288 431
219 237
321 425
250 295
398 469
50 358
174 293
260 295
42 225
118 188
40 362
148 216
199 431
134 229
209 354
143 243
164 481
109 397
139 143
181 473
279 385
365 379
43 475
13 149
136 456
422 453
331 474
35 244
194 296
96 250
152 458
50 384
212 268
212 277
13 287
122 312
73 196
117 235
51 240
22 302
270 480
188 275
51 123
174 300
287 335
426 439
29 161
221 419
293 396
113 201
34 173
13 121
34 379
430 480
152 263
81 140
7 198
209 366
76 390
264 332
135 485
108 165
96 147
231 452
116 186
432 502
127 471
46 215
86 383
225 399
60 434
400 414
40 203
110 296
35 200
19 382
61 91
46 226
324 367
202 458
98 357
21 441
15 507
281 412
164 278
224 475
262 276
68 322
457 469
462 496
231 358
423 424
306 488
417 452
50 193
150 388
77 427
70 426
150 276
14 228
32 324
42 99
74 346
430 472
155 419
393 464
212 439
88 385
73 434
387 428
76 150
228 426
132 318
287 350
45 122
182 452
15 478
106 339
251 439
28 496
193 323
408 430
31 350
92 223
198 215
67 349
130 189
67 125
0 301
128 389
429 455
68 478
178 299
13 477
151 415
1 119
27 484
252 297
232 241
297 443
204 275
287 508
140 232
239 425
239 312
70 440
429 475
165 498
107 330
161 485
91 230
94 103
43 68
112 361
53 281
89 270
228 509
1 509
362 392
328 421
336 408
81 205
25 290
36 401
107 385
148 385
221 284
264 314
211 494
102 193
99 293
11 133
91 469
147 458
305 478
6 331
174 177
158 214
10 62
84 145
228 409
85 390
128 256
27 156
292 434
314 481
107 373
170 455
358 387
311 486
48 274
7 185
311 450
402 448
50 125
20 239
323 449
64 415
357 428
269 496
430 473
3 455
330 449
234 406
217 379
339 370
293 334
5 417
209 439
214 454
320 505
58 388
66 470
186 315
344 485
346 417
154 370
214 282
331 457
43 210
211 394
74 325
351 358
308 328
15 505
211 293
8 23
138 466
127 178
134 311
264 435
82 289
168 173
107 245
107 135
47 64
214 250
493 502
272 381
46 185
259 264
102 438
127 371
202 450
46 456
131 307
56 107
452 476
322 422
156 173
40 192
114 336
209 338
362 417
132 312
7 282
83 296
296 468
205 372
492 493
163 190
323 449
92 486
57 229
382 466
313 426
381 390
227 488
71 342
86 263
13 104
324 369
31 326
133 336
168 271
229 445
72 245
159 181
74 437
178 199
319 344
208 462
201 322
130 301
154 368
59 472
146 169
176 232
297 397
445 463
222 467
141 143
148 175
128 320
1 475
66 69
111 193
254 437
368 442
182 484
65 408
444 457
94 270
93 114
106 509
132 364
38 257
281 436
235 256
111 453
113 436
291 463
14 430
120 498
30 148
355 356
89 189
113 376
90 122
186 368
80 284
94 332
256 322
234 410
34 490
458 508
50 381
114 488
252 315
53 73
328 341
23 155
59 373
58 383
64 484
422 462
347 417
119 395
369 402
73 268
146 432
443 482
68 110
138 150
90 263
257 501
73 86
33 385
222 302
279 362
119 403
74 373
228 406
369 503
387 409
356 487
250 464
340 461
208 456
35 249
377 414
268 462
434 479
391 429
268 335
39 228
49 67
234 359
379 496
106 496
338 501
146 400
380 465
212 262
236 371
52 179
341 497
275 492
223 278
67 504
26 212
177 414
177 362
145 247
111 172
191 462
41 392
300 487
241 432
40 269
179 225
255 291
37 225
34 281
205 367
5 141
235 326
134 229
155 159
212 258
97 163
394 467
130 323
189 210
4 351
64 229
49 92
68 434
24 506
335 441
169 216
33 222
95 354
65 468
229 297
143 466
310 383
184 422
215 493
9 408
51 379
316 484
66 159
301 385
85 159
188 191
104 173
201 506
402 450
235 495
100 159
45 244
22 76
124 276
53 495
217 266
395 440
140 191
34 407
158 222
328 364
227 367
279 415
293 495
54 470
380 388
10 189
86 279
189 387
116 491
110 465
307 321
193 244
144 183
432 448
285 449
28 241
121 217
284 368
100 404
15 164
60 358
89 384
30 132
30 237
58 503
88 278
94 368
163 178
42 476
350 423
118 154
239 324
149 272
68 259
14 391
95 459
201 489
77 223
386 434
270 405
153 468
17 183
24 267
123 413
406 453
53 65
293 412
68 299
150 292
338 464
156 167
235 297
0 470
18 219
313 474
266 389
94 114
109 225
53 198
25 156
171 475
315 418
201 475
1 439
31 246
114 218
118 229
54 342
10 263
408 442
331 347
121 187
420 463
139 203
106 400
89 245
30 459
65 76
171 181
175 192
267 340
307 337
63 296
385 508
143 337
49 338
62 102
152 295
216 486
346 388
210 224
131 218
263 297
168 191
106 361
211 290
199 362
455 474
83 242
13 441
173 237
306 366
67 248
193 357
219 309
246 447
83 446
269 388
376 472
96 274
198 485
96 119
106 120
272 453
264 450
52 53
262 442
465 491
60 391
69 112
42 430
331 482
228 432
63 187
300 493
149 165
422 438
160 265
352 417
360 387
196 419
111 386
203 304
22 119
12 95
314 363
196 477
6 356
132 186
223 508
44 465
93 159
246 344
448 503
162 193
221 338
121 366
350 416
199 242
41 144
49 384
93 312
84 293
102 446
200 455
145 455
294 333
51 317
240 388
14 80
109 377
211 418
48 358
8 377
46 428
128 427
46 204
130 201
159 266
23 350
60 100
307 447
56 372
245 270
112 296
173 181
119 333
257 380
87 183
102 265
6 384
289 444
196 199
422 465
178 434
199 325
224 371
69 82
376 479
439 498
384 492
42 51
134 473
24 34
111 324
60 138
157 259
264 309
317 363
18 38
372 416
2 168
127 395
7 326
133 297
399 445
343 372
134 246
95 104
390 473
99 370
321 324
144 337
42 330
57 317
76 475
248 289
359 425
353 479
88 393
398 504
275 368
185 335
203 231
269 489
23 58
71 182
315 316
287 510
352 425
264 468
11 499
160 448
151 302
89 308
309 459
147 317
43 255
241 318
144 406
55 436
126 361
117 144
68 212
218 487
277 454
208 459
6 484
77 173
296 348
43 487
186 376
2 363
23 248
18 286
222 320
196 348
326 366
120 176
365 442
93 170
163 365
109 212
320 472
223 487
3 422
84 237
228 434
255 356
222 240
120 343
382 412
175 438
300 332
419 455
16 428
351 441
165 307
82 354
84 161
392 487
56 496
61 93
5 118
70 94
152 417
49 317
6 106
136 293
76 92
2 371
297 481
146 255
365 419
33 232
78 152
36 274
58 400
97 200
30 202
136 335
86 474
346 449
236 508
14 339
32 196
172 428
184 200
84 442
328 500
76 484
350 359
180 496
179 375
93 411
6 131
73 193
49 372
183 424
135 327
27 282
176 283
16 187
288 323
109 393
208 299
165 318
135 181
140 457
177 460
107 205
101 164
369 460
349 488
23 226
61 215
335 412
98 303
186 357
149 460
218 343
22 212
180 214
225 355
4 238
0 156
393 441
113 177
123 510
27 273
264 348
55 212
325 328
187 480
11 341
53 451
145 222
82 306
391 423
25 497
86 173
233 371
246 286
214 262
32 308
64 209
320 338
112 367
111 415
152 285
151 352
308 426
19 345
60 357
290 441
298 499
278 305
381 397
268 502
8 141
399 402
31 458
90 262
35 420
21 60
36 267
277 358
42 453
157 386
27 394
119 201
217 391
119 123
171 438
187 225
86 191
178 221
45 400
197 237
339 368
173 321
58 161
382 431
233 461
100 356
279 336
100 386
190 350
453 481
50 166
16 447
113 147
37 38
42 215
13 132
367 484
41 90
364 374
63 314
201 444
83 326
282 285
408 495
170 508
301 493
71 170
102 161
18 220
365 460
22 474
314 488
341 491
223 321
245 350
294 361
157 300
2 441
40 44
42 95
1 36
42 408
106 468
171 215
81 386
316 331
220 299
118 270
15 237
265 494
323 499
79 355
48 463
48 484
292 510
121 355
409 508
213 246
11 256
70 255
182 370
45 380
53 380
202 479
10 223
393 496
66 158
242 290
342 432
52 108
40 105
309 335
6 231
266 293
216 252
147 445
42 349
385 414
36 226
227 443
75 120
451 491
7 346
286 501
102 214
64 115
205 508
287 379
145 240
288 466
170 461
282 427
213 308
18 319
140 483
3 451
177 443
26 31
43 477
199 452
121 508
91 465
90 467
258 448
40 75
25 320
244 340
70 182
21 471
152 458
82 167
66 109
431 499
176 413
113 152
36 209
311 434
137 170
161 309
71 243
131 264
282 483
77 369
84 171
323 478
193 497
45 263
219 246
61 186
280 435
192 229
276 416
197 207
128 273
189 312
59 69
317 452
172 341
48 228
173 272
75 197
23 265
414 490
66 189
366 483
79 91
92 453
42 380
213 373
241 473
18 496
122 226
110 295
185 332
66 287
35 109
170 362
47 192
347 400
268 325
165 206
161 279
285 510
148 229
5 259
202 466
285 329
341 397
1 405
66 157
298 375
141 434
196 404
15 16
339 477
387 426
275 369
86 111
185 385
187 346
83 103
1 458
34 296
269 294
343 420
417 475
10 70
157 488
180 447
42 408
142 297
293 367
390 407
84 203
165 372
145 371
7 268
259 381
338 474
80 131
131 377
135 222
219 266
254 481
82 241
60 117
154 424
4 160
176 454
205 243
229 409
83 266
222 245
202 227
75 218
111 264
331 419
17 224
101 496
260 263
371 404
237 388
369 499
393 486
265 358
73 102
369 466
348 386
27 342
98 471
275 367
219 244
216 383
232 351
93 454
53 387
361 404
180 201
125 310
53 250
428 439
297 376
69 86
394 472
14 287
359 399
54 502
372 466
322 482
49 235
324 400
380 413
2 409
22 176
111 197
76 122
20 387
382 406
369 458
241 294
390 418
130 374
158 186
152 260
148 434
202 386
21 495
66 85
250 306
217 275
157 509
54 275
204 439
224 296
40 374
318 413
81 178
160 476
207 467
116 406
106 429
318 493
136 321
217 484
191 382
273 275
389 499
85 337
195 429
214 366
23 341
301 449
246 278
1 179
416 429
7 410
204 437
50 351
416 478
314 428
340 478
284 299
229 483
158 470
255 481
58 153
133 276
109 465
83 111
353 376
134 450
205 243
117 130
23 275
99 467
217 405
335 394
193 215
203 460
164 458
153 434
172 309
426 449
118 260
117 394
295 417
207 339
398 465
133 339
196 250
112 407
112 251
64 416
40 484
58 487
127 278
103 451
176 395
186 445
34 366
138 296
236 385
241 391
69 321
365 507
133 314
10 486
368 448
71 284
15 436
48 124
80 173
81 435
167 353
283 298
44 136
124 454
110 392
0 231
71 478
12 49
266 315
69 277
16 472
47 384
175 245
434 489
92 148
113 418
4 403
83 329
294 460
14 198
208 250
124 133
38 421
139 301
162 335
18 122
362 440
395 476
204 280
35 246
143 218
327 479
283 494
157 337
17 509
239 251
75 416
6 166
50 58
116 485
84 112
259 417
146 190
60 188
211 290
58 266
66 316
173 472
88 371
307 484
86 362
205 473
92 387
54 290
16 37
61 483
212 393
65 310
170 488
177 214
6 268
266 406
32 345
9 396
61 445
219 328
97 124
276 335
225 476
259 489
35 286
26 300
292 356
337 492
62 248
186 253
251 453
27 193
234 364
217 332
19 431
221 388
127 338
112 336
357 457
174 327
174 223
204 509
168 230
2 194
168 501
16 279
70 370
48 489
109 184
225 503
149 442
135 218
95 202
29 238
301 416
30 67
10 389
235 348
300 480
21 27
472 504
351 384
170 378
137 161
279 402
355 433
165 246
3 490
260 344
266 476
268 297
6 142
128 382
99 119
419 446
175 298
375 501
230 460
31 507
113 339
146 341
32 79
220 284
277 331
279 452
48 409
59 298
279 355
215 316
328 398
213 323
62 251
306 445
45 433
135 394
110 204
323 459
116 405
270 474
39 74
181 206
76 479
213 223
102 402
75 487
38 244
80 238
168 417
252 384
384 417
20 394
366 509
204 475
175 306
25 297
100 336
65 147
125 410
385 500
236 246
386 461
270 408
87 409
19 266
137 207
5 328
22 59
262 507
17 321
50 171
87 297
117 219
42 204
478 506
259 301
69 449
207 373
45 84
133 263
150 407
135 353
63 97
67 242
281 394
105 438
476 483
10 484
108 392
136 422
103 254
202 281
213 302
13 178
9 446
287 353
279 405
456 476
266 415
36 206
402 423
18 322
199 406
226 360
136 173
95 402
84 114
228 383
205 317
145 302
336 401
439 454
352 359
356 454
325 419
141 393
71 228
297 446
186 457
20 441
367 438
249 363
147 182
173 419
23 145
101 464
177 244
46 283
168 396
157 250
284 402
276 280
303 476
84 480
26 338
67 422
59 355
194 483
92 182
166 270
340 418
290 323
312 416
276 284
94 216
70 81
11 479
254 448
13 486
122 158
47 484
33 47
311 342
46 396
146 420
76 210
344 358
39 248
173 293
127 477
34 393
33 505
207 402
256 356
218 500
105 466
225 397
97 507
20 124
254 419
158 361
267 495
103 266
123 393
22 361
129 459
265 302
92 324
38 319
3 187
254 489
113 251
45 186
215 242
97 315
70 139
27 163
207 425
33 487
235 364
70 503
154 416
241 420
348 501
95 242
84 491
100 350
49 383
391 422
168 244
41 168
151 338
258 371
26 420
331 456
45 344
75 308
268 361
79 345
46 89
125 391
49 314
269 365
294 325
290 418
375 451
268 498
295 392
262 450
129 312
120 297
277 333
250 354
149 232
63 207
365 479
252 280
202 452
57 387
187 387
92 230
451 479
5 67
12 381
19 494
159 451
63 105
316 461
49 219
223 358
9 239
336 494
258 264
358 472
1 50
122 196
229 439
124 256
144 399
132 139
101 469
253 361
239 324
257 302
117 249
0 489
62 86
28 174
110 400
378 507
254 428
207 430
157 163
87 167
132 162
384 405
230 331
131 448
330 347
42 92
188 393
251 376
409 426
96 294
62 497
273 308
27 477
83 192
150 360
11 251
397 471
68 475
370 414
9 35
70 370
135 490
199 278
87 183
411 486
215 326
113 490
100 172
50 384
27 364
343 376
211 334
296 301
320 360
340 401
211 292
23 173
209 445
138 178
277 280
355 386
104 360
0 385
356 436
64 287
23 150
104 380
17 168
75 177
146 199
233 414
201 305
172 234
10 385
69 482
183 319
174 214
32 67
39 347
172 179
149 197
31 176
18 478
235 428
241 422
57 236
102 146
417 475
0 473
82 209
2 139
60 116
185 225
326 358
32 96
114 488
76 370
9 145
77 490
222 427
328 374
272 341
56 82
6 495
155 339
288 301
289 458
13 380
14 199
228 287
181 310
132 502
97 118
253 453
42 347
106 169
57 340
80 332
365 448
303 396
16 322
218 306
7 327
155 176
228 275
93 287
106 120
317 502
14 109
75 208
91 114
197 248
165 363
33 221
172 386
387 426
69 450
47 507
51 336
274 371
364 414
158 385
173 208
134 245
153 259
173 428
129 349
123 413
72 80
258 479
237 499
96 497
236 406
168 391
35 469
285 460
309 479
161 345
94 133
102 368
197 310
49 176
152 292
465 501
9 80
338 431
106 111
302 456
128 471
302 447
192 404
59 387
276 492
232 293
10 457
289 456
323 403
40 74
69 146
445 466
192 308
142 510
91 384
263 502
110 212
42 450
286 378
315 470
205 286
69 78
226 285
167 205
494 507
204 276
187 506
141 491
185 427
128 317
332 348
87 180
210 309
327 496
180 424
234 395
350 468
275 347
131 377
108 407
29 179
90 412
389 455
271 387
119 383
79 101
310 333
168 443
307 308
218 482
92 286
103 465
406 491
156 396
488 504
144 318
409 493
382 445
317 365
156 286
229 422
85 475
68 139
49 154
256 500
251 275
15 367
281 365
241 409
15 408
366 438
115 388
442 494
56 390
85 186
5 108
16 303
29 345
259 485
61 353
92 385
72 380
261 316
23 121
137 144
194 509
236 327
196 455
26 104
20 32
219 320
59 81
294 499
255 298
227 259
31 319
451 489
329 344
259 488
51 184
112 332
41 402
119 126
298 483
87 456
117 229
300 370
189 238
411 440
308 503
298 481
17 217
247 320
112 209
44 75
311 321
152 199
219 388
53 145
117 509
321 347
48 233
113 426
50 326
357 429
33 100
370 434
14 114
6 170
31 156
93 254
335 365
5 309
208 294
75 244
34 263
425 492
277 286
17 149
95 425
245 442
173 281
396 452
144 200
447 496
48 300
29 85
0 430
56 455
225 359
100 125
457 467
30 217
14 58
9 370
25 56
151 327
255 508
213 492
194 284
105 389
370 431
111 376
238 339
44 144
12 452
104 241
18 491
268 294
159 332
17 391
193 393
131 383
61 282
1 350
122 304
286 366
17 162
166 485
3 337
203 246
122 240
311 460
153 231
333 383
71 499
58 474
11 388
401 428
49 442
258 296
18 344
113 394
13 299
234 349
130 471
26 500
114 334
227 334
120 420
4 411
265 268
215 462
414 444
143 475
29 136
44 109
137 386
153 477
163 212
96 331
39 492
192 404
182 271
203 218
322 427
26 228
130 485
72 452
60 459
144 494
96 488
364 382
116 448
196 368
323 485
22 248
81 303
235 246
231 461
181 196
271 498
114 247
31 396
373 453
137 171
378 379
140 377
77 259
258 397
171 190
275 335
81 105
361 439
302 430
222 250
237 396
128 491
116 237
91 254
74 466
197 454
343 414
279 392
161 298
136 216
23 417
37 234
207 347
23 503
192 283
239 260
230 323
26 283
377 486
140 235
52 508
15 299
44 357
238 390
198 457
15 104
155 329
150 351
10 405
51 437
58 358
443 472
123 377
191 465
63 330
378 497
428 454
242 464
95 221
457 462
66 290
473 509
166 265
421 442
26 509
16 324
0 16
165 250
368 432
306 406
215 510
178 357
185 310
415 445
179 499
369 487
202 395
104 284
233 487
44 248
150 450
13 327
11 73
15 148
13 437
134 481
54 288
256 487
220 459
300 414
21 163
98 428
38 285
2 496
27 250
455 509
124 332
84 106
39 191
204 227
265 418
329 464
282 290
387 440
131 318
32 481
86 487
59 98
275 420
95 130
202 273
153 272
98 297
201 474
43 220
88 109
409 423
192 217
175 274
81 125
160 321
179 208
253 465
166 434
375 426
72 456
116 388
190 464
260 306
239 449
195 366
160 498
2 148
113 335
118 183
200 481
275 377
4 153
363 482
223 495
88 320
11 232
85 149
186 411
33 62
298 301
272 364
431 467
266 311
322 390
115 281
64 94
115 184
119 438
50 319
74 170
98 290
53 334
104 110
163 412
289 454
8 91
38 349
190 441
299 497
170 310
215 365
13 173
137 325
33 424
92 375
290 411
176 243
143 275
33 303
28 210
233 371
40 175
272 367
182 291
197 391
134 235
64 415
354 443
238 299
154 193
71 253
141 496
30 378
127 398
33 284
144 445
241 265
99 144
62 89
323 392
73 341
128 223
132 152
202 205
136 340
107 315
126 292
43 318
273 324
149 317
360 490
2 62
64 475
17 33
403 461
66 111
29 402
19 435
350 444
178 349
69 160
54 439
73 150
420 491
22 240
117 148
331 494
216 418
235 508
85 132
383 480
31 295
160 486
322 381
343 500
377 434
411 463
395 404
105 432
289 478
71 230
35 60
36 497
56 359
351 462
8 297
339 433
93 509
191 248
74 334
23 505
69 116
378 410
23 280
262 388
343 365
149 372
12 85
27 366
113 426
115 161
435 501
233 403
28 66
308 340
96 256
271 388
109 408
108 415
125 361
71 214
5 356
274 346
3 193
141 284
328 376
318 443
240 269
278 286
320 415
303 477
8 203
102 183
21 396
266 504
276 470
315 372
281 453
0 298
26 403
104 378
101 412
63 66
204 355
2 378
176 245
7 128
316 324
187 190
281 497
46 446
308 402
471 487
126 230
23 199
11 266
139 205
338 362
237 307
108 459
407 490
427 435
422 447
49 209
88 290
225 338
336 366
288 345
33 368
11 499
105 447
209 446
238 382
198 215
268 322
224 466
183 294
216 411
42 149
50 352
4 49
224 319
259 381
233 410
43 339
189 378
127 447
253 322
324 364
383 414
58 68
44 360
418 462
469 509
347 416
81 504
63 461
301 400
291 479
178 263
71 214
358 430
127 290
98 316
43 437
366 442
152 369
26 235
114 242
5 458
289 336
173 469
329 433
40 164
71 481
255 467
125 227
189 276
5 321
216 363
315 358
96 261
98 161
215 322
122 383
17 456
125 253
25 462
124 501
187 306
421 470
136 214
44 191
148 198
285 295
53 129
290 390
300 383
185 219
170 190
41 74
399 492
269 319
17 315
167 340
40 101
76 97
191 400
230 347
351 410
326 488
169 305
61 177
227 437
89 172
8 142
18 84
408 440
56 169
19 144
124 413
96 393
260 261
247 332
261 402
122 184
259 463
147 370
4 257
59 244
169 235
133 491
230 301
0 401
366 386
180 260
249 368
86 298
203 393
166 223
340 465
89 350
201 443
233 509
220 382
492 500
93 257
200 433
257 480
48 259
226 358
21 336
169 420
321 460
47 222
403 416
14 370
49 112
102 388
139 396
383 509
422 468
50 58
80 247
175 255
51 223
114 500
116 314
50 311
254 494
180 246
334 415
11 364
110 359
74 124
171 201
147 487
417 421
176 502
216 444
409 425
188 296
346 474
124 344
252 496
27 452
94 446
128 340
217 300
104 111
49 476
421 427
49 159
68 499
77 436
454 489
129 226
56 503
63 87
293 369
87 89
155 202
120 214
266 507
267 334
448 498
17 220
294 424
293 328
169 446
290 449
121 381
255 324
11 99
127 341
70 294
60 466
61 206
112 182
85 465
211 348
247 357
118 271
88 357
186 193
433 457
322 505
21 80
133 310
168 361
160 492
199 401
198 375
52 400
35 460
370 509
205 215
174 370
292 327
44 419
100 108
30 32
361 392
233 455
64 475
12 365
357 390
16 249
38 393
412 481
15 213
98 156
248 268
78 474
4 247
271 335
45 307
258 420
213 324
70 374
265 321
324 348
307 360
143 399
290 411
41 159
57 296
168 221
415 438
113 292
106 217
246 507
239 366
77 335
247 454
200 287
65 255
9 400
114 355
293 461
203 460
272 367
370 472
243 392
175 182
98 364
399 455
276 454
185 274
136 306
130 197
13 175
290 437
214 412
293 455
196 481
451 505
420 453
1 492
84 273
377 470
70 125
308 374
35 195
130 411
150 442
342 434
177 309
189 449
11 276
299 372
308 345
435 501
247 292
155 413
377 510
133 501
180 416
68 363
189 327
229 397
414 443
331 442
52 81
85 154
40 178
278 383
408 412
165 289
56 219
139 391
327 504
210 410
354 497
26 458
434 471
101 226
209 466
349 393
147 285
156 284
273 296
78 248
152 478
17 216
162 186
442 460
195 294
54 55
59 281
202 386
86 241
330 416
87 145
73 83
395 416
221 327
197 211
300 445
216 255
122 300
303 480
332 452
346 464
224 439
253 414
188 281
58 356
25 104
98 506
309 412
122 269
107 373
248 307
400 414
363 409
206 377
299 365
392 412
148 199
26 46
305 448
421 424
289 477
25 504
341 502
332 500
10 115
46 48
439 451
161 261
15 226
81 308
93 474
108 159
292 338
186 425
263 276
92 246
141 266
290 353
40 133
26 99
47 131
4 151
363 455
118 459
129 221
61 479
409 425
197 248
39 361
50 179
241 266
45 207
154 177
314 356
393 458
48 339
225 470
118 174
337 394
60 482
106 199
133 271
79 164
9 429
201 344
7 77
271 393
184 457
221 382
102 230
106 117
246 370
33 317
270 431
106 211
339 361
138 318
57 351
194 380
311 318
99 268
294 471
143 276
37 331
287 325
332 406
283 414
480 494
342 423
92 442
310 428
186 256
97 225
232 317
115 372
415 496
197 305
251 379
196 228
195 243
314 377
267 478
167 322
0 39
418 436
11 478
468 480
65 343
190 263
128 213
42 183
256 330
216 491
177 295
93 419
230 319
56 131
125 225
189 232
178 325
47 423
118 270
314 503
128 442
62 91
9 369
323 439
